0.9853656241415337 0.9853656241415337 0.9853656241415337 0.9853656241415337 0.9853656241415337 1.126987413481817 0.8681228816836378 0.9853656241415337 0.6321970815509156 3.0
1.4192685789108928 0.9853656241415337 0.9853656241415337 1.2463515654852142 0.9853656241415337 1.126987413481817 0.8681228816836378 0.9853656241415337 0.6321970815509156 1.0
1.4192685789108928 0.8073017799037544 0.9853656241415337 0.845734500905266 0.9853656241415337 1.3268657361972844 0.8681228816836378 0.9853656241415337 0.6321970815509156 7.0
1.4192685789108928 0.8073017799037544 0.9853656241415337 0.845734500905266 0.9853656241415337 1.3268657361972844 0.5386366143236393 0.9853656241415337 0.6321970815509156 4.0
1.4192685789108928 0.8073017799037544 0.9853656241415337 0.845734500905266 0.9853656241415337 1.3268657361972844 0.5386366143236393 0.9853656241415337 0.6321970815509156 9.0
1.4192685789108928 0.8073017799037544 0.9853656241415337 0.7404566029235835 0.9853656241415337 1.3268657361972844 0.316859298711069 0.9853656241415337 0.8140156443308056 -1.0
1.4192685789108928 0.8073017799037544 1.2185607723013923 0.7404566029235835 1.3451884683254942 0.9729048513353685 0.316859298711069 0.9853656241415337 0.8140156443308056 -1.0
1.4192685789108928 1.1104557356144082 1.2185607723013923 1.078716113933194 1.3451884683254942 0.8193787056385218 0.316859298711069 0.9853656241415337 0.8140156443308056 -1.0
1.4192685789108928 1.1104557356144082 1.2185607723013923 1.078716113933194 1.4992211546871763 0.7454957622775111 0.316859298711069 0.9853656241415337 0.8140156443308056 -1.0
1.5862109489430893 0.8418094720983904 1.2185607723013923 1.098453785036579 1.0078161050131653 0.7454957622775111 0.6616487711268376 0.9853656241415337 0.6932526346921639 -1.0
