40.8951152234988 27.11665969461383 14.959302208001521 39.47425610912745 25.094832636511782 18.698607869004526 21.377212085847923 0.0
40.8951152234988 27.752549293217957 14.959302208001521 39.47425610912745 23.323585168039163 20.090188899477305 21.377212085847923 0.0
40.8951152234988 27.752549293217957 14.959302208001521 39.47425610912745 23.323585168039163 20.090188899477305 21.377212085847923 -1.0
40.8951152234988 27.752549293217957 16.186400972635813 39.47425610912745 23.323585168039163 20.090188899477305 21.377212085847923 -1.0
40.8951152234988 27.752549293217957 16.186400972635813 39.47425610912745 23.323585168039163 20.090188899477305 21.507094788368356 -1.0
40.8951152234988 27.752549293217957 16.186400972635813 39.47425610912745 23.323585168039163 20.090188899477305 21.507094788368356 -1.0
40.8951152234988 25.85650005912317 16.186400972635813 39.47425610912745 23.323585168039163 20.090188899477305 21.507094788368356 -1.0
40.8951152234988 26.90475576351649 16.186400972635813 38.94260017244422 23.323585168039163 20.090188899477305 21.507094788368356 -1.0
39.96283764974532 26.90475576351649 14.474896341729357 38.94260017244422 23.323585168039163 20.090188899477305 21.507094788368356 -1.0
39.96283764974532 26.90475576351649 14.474896341729357 38.94260017244422 23.323585168039163 21.168859723247518 21.507094788368356 -1.0
